32
0.0 0.0 0.0 2500.0 0.0 0.0 2500.0 0.0 2500.0,
0.0 0.0 0.0 2500.0 0.0 2500.0 0.0 0.0 2500.0,
2500.0 0.0 0.0 5000.0 0.0 0.0 5000.0 0.0 2500.0,
2500.0 0.0 2500.0 2500.0 0.0 0.0 5000.0 0.0 2500.0,
5000.0 0.0 0.0 7500.0 0.0 0.0 7500.0 100.0 2500.0,
5000.0 0.0 2500.0 5000.0 0.0 0.0 7500.0 100.0 2500.0,
7500.0 0.0 0.0 10000.0 500.0 0.0 10000.0 0.0 2500.0,
7500.0 100.0 2500.0 7500.0 0.0 0.0 10000.0 0.0 2500.0,
2500.0 0.0 2500.0 2500.0 400.0 5000.0 0.0 0.0 2500.0,
0.0 0.0 2500.0 2500.0 400.0 5000.0 0.0 0.0 5000.0,
5000.0 0.0 2500.0 5000.0 600.0 5000.0 2500.0 0.0 2500.0,
2500.0 400.0 5000.0 2500.0 0.0 2500.0 5000.0 600.0 5000.0,
7500.0 100.0 2500.0 7500.0 0.0 5000.0 5000.0 0.0 2500.0,
5000.0 600.0 5000.0 5000.0 0.0 2500.0 7500.0 0.0 5000.0,
10000.0 0.0 2500.0 10000.0 0.0 5000.0 7500.0 100.0 2500.0,
7500.0 0.0 5000.0 7500.0 100.0 2500.0 10000.0 0.0 5000.0,
2500.0 400.0 5000.0 2500.0 0.0 7500.0 0.0 0.0 5000.0,
0.0 0.0 5000.0 2500.0 0.0 7500.0 0.0 300.0 7500.0,
5000.0 600.0 5000.0 5000.0 0.0 7500.0 2500.0 400.0 5000.0,
2500.0 0.0 7500.0 2500.0 400.0 5000.0 5000.0 0.0 7500.0,
7500.0 0.0 5000.0 7500.0 100.0 7500.0 5000.0 600.0 5000.0,
5000.0 0.0 7500.0 5000.0 600.0 5000.0 7500.0 100.0 7500.0,
10000.0 0.0 5000.0 10000.0 0.0 7500.0 7500.0 0.0 5000.0,
7500.0 100.0 7500.0 7500.0 0.0 5000.0 10000.0 0.0 7500.0,
2500.0 0.0 7500.0 2500.0 0.0 10000.0 0.0 300.0 7500.0,
0.0 100.0 10000.0 0.0 300.0 7500.0 2500.0 0.0 10000.0,
5000.0 0.0 7500.0 5000.0 0.0 10000.0 2500.0 0.0 7500.0,
2500.0 0.0 10000.0 2500.0 0.0 7500.0 5000.0 0.0 10000.0,
7500.0 100.0 7500.0 7500.0 100.0 10000.0 5000.0 0.0 7500.0,
5000.0 0.0 10000.0 5000.0 0.0 7500.0 7500.0 100.0 10000.0,
10000.0 0.0 7500.0 10000.0 0.0 10000.0 7500.0 100.0 7500.0,
7500.0 100.0 10000.0 7500.0 100.0 7500.0 10000.0 0.0 10000.0,
